0.00293627 4.4145e-06 0.0634978 -1.97178e-07 6.70825e-07 -1.28563e-05 1
0.00727215 4.30222e-06 0.0634978 -1.97877e-07 7.46301e-07 -1.28507e-05 1
0.0135906 4.13877e-06 0.0634978 -1.98321e-07 8.20533e-07 -1.28586e-05 1
0.0219325 3.92608e-06 0.0634978 -1.99862e-07 9.52328e-07 -1.28671e-05 1
0.0315454 3.70522e-06 0.0634978 -2.06356e-07 1.23393e-06 -1.26358e-05 1
0.0393244 3.54051e-06 0.0634978 -2.08026e-07 1.40186e-06 -1.25941e-05 1
0.045009 3.4151e-06 0.0634978 -2.13919e-07 1.37451e-06 -1.25336e-05 1
0.048717 3.33678e-06 0.0634977 -2.19014e-07 1.46163e-06 -1.25565e-05 1
0.0525326 3.24132e-06 0.0634977 -2.14209e-07 1.39715e-06 -1.32034e-05 1
0.0583304 3.08795e-06 0.0634977 -2.181e-07 1.47901e-06 -1.3207e-05 1
0.0661307 2.87636e-06 0.0634977 -2.24588e-07 1.58998e-06 -1.31875e-05 1
0.075934 2.6154e-06 0.0634976 -2.34944e-07 1.72899e-06 -1.315e-05 1
0.0877404 2.30486e-06 0.0634975 -2.50648e-07 1.88617e-06 -1.30817e-05 1
0.0979371 2.15502e-06 0.0634973 -2.81463e-07 1.99452e-06 -1.30165e-05 1
0.106352 2.06296e-06 0.0634972 -2.98546e-07 2.04901e-06 -1.32074e-05 1
0.112724 1.41505e-06 0.0634956 -5.99916e-07 -5.81709e-06 -1.25175e-05 1
0.120797 1.21338e-06 0.0634953 -4.1356e-07 -4.54163e-06 -1.24621e-05 1
0.130746 1.18886e-06 0.0634945 -3.34986e-07 -2.76579e-06 -1.25037e-05 1
0.142894 8.56937e-07 0.0634952 -1.75676e-07 -2.17127e-06 -1.19614e-05 1
0.157068 3.23628e-06 0.0634963 8.99687e-07 1.98233e-06 -1.23905e-05 1
0.17212 3.10377e-06 0.063495 -1.04773e-07 4.7301e-06 -1.15717e-05 1
0.186229 2.63954e-06 0.0634948 -3.12595e-07 8.34292e-06 -1.2695e-05 1
0.198939 2.70797e-06 0.0634972 -2.95537e-07 -4.72798e-07 -1.23444e-05 1
0.214146 2.27905e-06 0.0634974 -2.3988e-07 -4.51403e-07 -1.21549e-05 1
0.230905 1.81687e-06 0.0634976 -2.12499e-07 -2.86076e-07 -1.26667e-05 1
0.249847 1.30933e-06 0.0634977 -1.75517e-07 -4.40408e-08 -1.25197e-05 1
0.269836 7.8348e-07 0.0634978 -1.54138e-07 2.19128e-07 -1.24547e-05 1
0.289241 2.75589e-07 0.0634978 -1.45619e-07 4.31047e-07 -1.30081e-05 1
0.309243 -2.42254e-07 0.0634978 -1.43184e-07 7.13762e-07 -1.2918e-05 1
0.329251 -7.52452e-07 0.0634978 -1.46123e-07 9.6582e-07 -1.31518e-05 1
0.349266 -1.25938e-06 0.0634978 -1.55212e-07 1.22942e-06 -1.3408e-05 1
0.369287 -1.76179e-06 0.0634977 -1.72275e-07 1.5089e-06 -1.36855e-05 1
0.388965 -2.19475e-06 0.0634975 -2.69061e-07 1.96454e-06 -1.23008e-05 1
0.406492 -2.48664e-06 0.0634973 -2.79434e-07 2.0757e-06 -1.2739e-05 1
0.422383 -2.58431e-06 0.0634967 -6.6152e-07 3.02845e-06 -1.08189e-05 1
0.437712 -2.95887e-06 0.0634967 -3.73187e-07 1.91294e-06 -1.35512e-05 1
0.45501 -3.36011e-06 0.0634969 -2.08952e-07 1.12689e-06 -1.37382e-05 1
0.473333 -2.3405e-06 0.0634972 7.4985e-07 -1.59692e-06 -1.26523e-05 1
0.493039 -3.19807e-06 0.0634969 -3.60515e-07 -3.88301e-07 -1.26654e-05 1
0.513209 -3.8473e-06 0.0634973 -2.82762e-07 -5.18763e-07 -1.22726e-05 1
0.532764 -4.45023e-06 0.0634975 -2.56549e-07 -3.63938e-07 -1.2997e-05 1
0.552944 -5.01625e-06 0.0634977 -2.18819e-07 -1.05896e-07 -1.27642e-05 1
0.572931 -5.56296e-06 0.0634978 -2.04399e-07 1.5922e-07 -1.29877e-05 1
0.593125 -6.11051e-06 0.0634978 -1.96555e-07 4.2075e-07 -1.32485e-05 1
0.612925 -6.64348e-06 0.0634978 -1.93613e-07 6.72538e-07 -1.35098e-05 1
0.632137 -7.15066e-06 0.0634978 -1.93184e-07 9.07013e-07 -1.37442e-05 1
0.65195 -7.67602e-06 0.0634978 -2.00382e-07 1.18351e-06 -1.39739e-05 1
0.67217 -8.20681e-06 0.0634977 -2.1191e-07 1.46916e-06 -1.42517e-05 1
0.691997 -8.72364e-06 0.0634976 -2.32025e-07 1.75423e-06 -1.45393e-05 1
0.71223 -9.23622e-06 0.0634973 -2.6748e-07 2.00076e-06 -1.48385e-05 1
0.731831 -9.30162e-06 0.0634965 -4.17579e-07 5.1958e-06 -1.31222e-05 1
0.749729 -9.81517e-06 0.0634976 -1.07795e-07 2.08539e-06 -1.31803e-05 1
0.766811 -1.01383e-05 0.0634981 -7.10833e-07 6.58073e-07 -1.27757e-05 1
0.784991 -9.83026e-06 0.063497 -6.89748e-07 -1.66298e-06 -1.36964e-05 1
0.80514 -1.07823e-05 0.063497 -3.10643e-07 -4.43904e-07 -1.2659e-05 1
0.82511 -1.1424e-05 0.0634974 -2.37176e-07 -4.81297e-07 -1.24027e-05 1
0.845085 -1.2013e-05 0.0634976 -1.93133e-07 -2.88205e-07 -1.25392e-05 1
0.864112 -1.25683e-05 0.0634977 -1.72467e-07 -5.06595e-08 -1.29672e-05 1
0.881146 -1.30536e-05 0.0634978 -1.56987e-07 1.76329e-07 -1.31514e-05 1
0.896046 -1.34644e-05 0.0634978 -1.48752e-07 3.69538e-07 -1.33076e-05 1
0.911227 -1.38781e-05 0.0634978 -1.44292e-07 5.60069e-07 -1.34945e-05 1
0.928599 -1.43597e-05 0.0634978 -1.43099e-07 7.75943e-07 -1.36623e-05 1
0.94782 -1.4887e-05 0.0634978 -1.47339e-07 1.01961e-06 -1.38219e-05 1
0.967635 -1.54124e-05 0.0634978 -1.57833e-07 1.28388e-06 -1.40669e-05 1
0.987658 -1.5938e-05 0.0634977 -1.76734e-07 1.56652e-06 -1.43454e-05 1
1.00653 -1.63589e-05 0.0634975 -2.1513e-07 1.83307e-06 -1.43107e-05 1
1.02367 -1.67999e-05 0.0634977 -2.77779e-07 5.75595e-06 -1.354e-05 1
1.0419 -1.76094e-05 0.0634986 -2.11736e-07 3.10331e-06 -1.33127e-05 1
1.06193 -1.74504e-05 0.0634965 -3.77557e-07 1.5946e-06 -1.38176e-05 1
1.08213 -1.73437e-05 0.0634964 -3.92659e-07 7.18076e-07 -1.2177e-05 1
1.10192 -1.82688e-05 0.0634967 -3.62127e-07 -2.3892e-07 -1.19453e-05 1
1.12188 -1.90623e-05 0.0634982 -1.01978e-06 -4.12224e-06 -1.53959e-05 1
1.13948 -1.96905e-05 0.0634979 -1.95007e-07 -3.79459e-06 -1.32416e-05 1
1.15559 6.03443e-05 0.0634983 1.00251e-06 3.39242e-06 -0.000982004 1
1.17279 0.000808837 0.0634984 1.02277e-06 9.0547e-07 -0.00639172 0.99998
1.19234 0.00352524 0.063499 -9.94331e-07 -3.40036e-06 -0.0208497 0.999783
1.21297 0.00798335 0.0634997 -1.95543e-06 -4.10774e-06 -0.0433363 0.999061
1.23366 0.0130071 0.0634996 -3.35663e-07 -4.07564e-06 -0.0720308 0.997402
1.25464 0.0177162 0.0634986 -1.39174e-06 -1.80452e-06 -0.103704 0.994608
1.27288 0.0199318 0.0634979 -1.7124e-06 -2.52155e-07 -0.12785 0.991794
1.28955 0.0205935 0.0634991 -4.71032e-07 -1.72209e-06 -0.147515 0.98906
1.30626 0.0206957 0.0634967 -3.80224e-06 1.51446e-06 -0.16744 0.985882
1.31799 0.0197043 0.0634986 2.14693e-07 -3.27556e-07 -0.179072 0.983836
1.32565 0.0184353 0.0634989 -5.36659e-07 -1.20854e-06 -0.185006 0.982737
1.33333 0.0185172 0.0634992 -3.01858e-07 -1.9552e-06 -0.19628 0.980548
1.3457 0.0195307 0.0634979 8.69624e-08 -1.02768e-07 -0.220098 0.975478
1.36464 0.0182423 0.0634979 -1.8849e-07 -9.87337e-07 -0.259063 0.96586
1.38858 0.0174731 0.0634983 2.02126e-06 1.72582e-06 -0.309244 0.950983
1.41333 0.0164593 0.063498 -5.11737e-07 -5.95092e-08 -0.36316 0.931727
1.43875 0.014056 0.063499 6.17734e-07 -2.20184e-06 -0.421667 0.906751
1.459 0.0110002 0.0634985 3.29315e-07 -1.6749e-07 -0.470642 0.882324
1.47684 0.00642075 0.0634992 -2.92561e-07 -1.74341e-06 -0.513755 0.857937
1.49591 -0.00340715 0.0634992 -1.71669e-06 -2.85846e-06 -0.556124 0.831099
1.51302 -0.0177945 0.0634992 -9.20206e-07 -2.81305e-06 -0.591298 0.806453
1.52755 -0.0347504 0.0634987 -5.12747e-08 -7.93947e-07 -0.62027 0.784388
1.53938 -0.0532636 0.0634978 7.08354e-07 1.78577e-06 -0.643628 0.765339
1.54823 -0.0721702 0.0634979 -6.4197e-07 3.82177e-07 -0.660899 0.750475
1.55373 -0.0917184 0.0634996 3.16081e-06 -1.29274e-06 -0.670359 0.742037
1.55636 -0.111456 0.063498 1.15176e-06 1.09737e-06 -0.672247 0.740327
1.55829 -0.131358 0.0634976 -1.20022e-07 1.03145e-06 -0.672242 0.740332
1.56021 -0.151264 0.0634977 8.27373e-08 6.94576e-07 -0.67224 0.740333
1.56215 -0.171374 0.0634977 5.33215e-07 5.04636e-07 -0.67224 0.740333
1.56397 -0.190147 0.0634977 8.69445e-07 5.28547e-07 -0.67222 0.740351
1.56583 -0.209386 0.0634975 1.2489e-06 3.63109e-07 -0.672228 0.740345
1.56777 -0.229474 0.0634976 5.94585e-07 2.31209e-07 -0.672252 0.740322
1.56969 -0.249365 0.0634974 7.03888e-07 -4.69568e-07 -0.672252 0.740322
1.57165 -0.269656 0.0634976 3.69513e-07 -2.0364e-07 -0.672254 0.740321
1.57339 -0.289136 0.0634988 -4.46517e-07 -6.58742e-08 -0.671546 0.740963
1.57373 -0.308805 0.0634977 9.19723e-08 2.88251e-06 -0.666325 0.745661
1.57276 -0.329338 0.0634979 1.27518e-08 -5.10135e-07 -0.65554 0.75516
1.57065 -0.350777 0.0634993 -6.25014e-06 -1.31069e-06 -0.6389 0.769289
1.56901 -0.373053 0.0634983 -5.53489e-06 4.0316e-07 -0.620419 0.784271
1.56963 -0.394257 0.0634992 -5.79405e-06 -2.87728e-06 -0.606288 0.795245
1.57294 -0.414918 0.063499 -3.24329e-06 -6.83843e-07 -0.598598 0.80105
1.57847 -0.434902 0.0634971 3.45989e-07 2.35702e-06 -0.597429 0.801922
1.58426 -0.454286 0.0634966 -4.46664e-07 2.34313e-06 -0.597427 0.801924
1.58993 -0.473287 0.0634967 2.54097e-07 9.73082e-07 -0.59743 0.801921
1.59565 -0.492432 0.0634973 -5.92016e-07 8.97082e-07 -0.597432 0.80192
1.60142 -0.511751 0.063497 3.19817e-07 -4.83804e-07 -0.597433 0.801919
1.60713 -0.530888 0.0634973 1.51454e-09 -5.74502e-07 -0.597433 0.801919
1.61265 -0.549373 0.0634973 -3.6842e-07 -6.73796e-07 -0.597443 0.801912
1.61843 -0.56871 0.0634977 -9.20364e-08 -1.95916e-08 -0.597435 0.801917
1.62415 -0.587862 0.0634978 1.63016e-08 2.30082e-07 -0.597435 0.801917
1.62987 -0.607021 0.0634978 1.3642e-07 4.66113e-07 -0.597435 0.801917
1.63559 -0.626186 0.0634978 2.59788e-07 6.97407e-07 -0.597435 0.801917
1.64132 -0.645358 0.0634978 3.80439e-07 9.36819e-07 -0.597435 0.801917
1.64704 -0.664536 0.0634978 4.91118e-07 1.19857e-06 -0.597436 0.801917
1.65277 -0.68372 0.0634977 5.73348e-07 1.49572e-06 -0.597436 0.801917
1.6585 -0.702911 0.0634975 5.7716e-07 1.83136e-06 -0.597436 0.801917
1.66418 -0.721914 0.0634972 3.99654e-07 2.14599e-06 -0.597435 0.801917
1.66959 -0.740041 0.0634969 2.05506e-07 2.30382e-06 -0.597438 0.801915
1.6747 -0.757138 0.0634966 1.68388e-07 2.13823e-06 -0.597438 0.801915
1.68024 -0.77574 0.0634971 -3.62119e-07 5.0879e-08 -0.597326 0.801999
1.68596 -0.794869 0.0634971 -4.69472e-07 3.45646e-07 -0.597334 0.801992
1.69168 -0.814004 0.0634971 2.04575e-07 -7.11775e-07 -0.597328 0.801997
1.6974 -0.83314 0.0634974 -5.32207e-08 -4.75752e-07 -0.59733 0.801996
1.70274 -0.851003 0.0634976 -9.07882e-08 -2.16014e-07 -0.597331 0.801995
1.70751 -0.866955 0.0634977 -3.55757e-08 4.75898e-09 -0.597331 0.801995
1.71167 -0.880861 0.0634978 4.09018e-08 1.8554e-07 -0.597331 0.801995
1.71533 -0.893125 0.0634978 1.1637e-07 3.36257e-07 -0.597331 0.801995
1.71839 -0.903343 0.0634978 1.83205e-07 4.58692e-07 -0.597331 0.801994
1.72085 -0.911574 0.0634978 2.36619e-07 5.5523e-07 -0.597332 0.801994
1.72278 -0.918044 0.0634978 2.78995e-07 6.31733e-07 -0.597332 0.801994
1.72413 -0.922544 0.0634978 3.08521e-07 6.85473e-07 -0.597332 0.801994
1.72489 -0.925111 0.0634978 3.25436e-07 7.14711e-07 -0.597332 0.801994
1.72518 -0.926074 0.0634978 3.33279e-07 7.34826e-07 -0.597332 0.801994
1.72619 -0.92944 0.0634978 3.54594e-07 7.61769e-07 -0.597333 0.801994
1.72756 -0.934019 0.0634978 3.835e-07 8.18164e-07 -0.597333 0.801994
1.72949 -0.940497 0.0634978 4.24285e-07 9.00223e-07 -0.597333 0.801994
1.73201 -0.948914 0.0634978 4.74208e-07 1.01233e-06 -0.597333 0.801994
1.73517 -0.959494 0.0634978 5.83556e-07 1.0511e-06 -0.597333 0.801993
1.74004 -0.975766 0.0634977 7.6521e-07 1.62273e-06 -0.597332 0.801994
1.74577 -0.994954 0.0634975 6.11014e-07 1.74318e-06 -0.597333 0.801994
1.75153 -1.01421 0.0634977 1.35374e-06 -1.68267e-06 -0.597196 0.802095
1.75799 -1.03562 0.063497 2.01452e-06 -4.12172e-06 -0.596608 0.802533
1.76555 -1.06016 0.0634971 2.65406e-06 -2.51681e-06 -0.596058 0.802942
1.77353 -1.08653 0.0634969 -3.01645e-06 8.38046e-07 -0.594938 0.803772
1.78077 -1.11266 0.0634972 -2.61119e-06 2.61736e-06 -0.591011 0.806663
1.78631 -1.13878 0.0634968 -1.91555e-06 1.92774e-06 -0.576875 0.816832
1.79067 -1.16718 0.0634979 -4.32171e-06 3.93195e-06 -0.554215 0.832374
1.79734 -1.19894 0.0634974 -5.826e-06 -1.209e-07 -0.531395 0.847124
1.80924 -1.23509 0.0634976 -6.50315e-06 -1.18093e-06 -0.512022 0.858973
1.82647 -1.27383 0.0634978 -6.20954e-06 2.95288e-07 -0.498868 0.866678
1.84867 -1.31464 0.063498 1.51455e-06 -1.38298e-07 -0.493445 0.869777
1.872 -1.3551 0.0634978 7.43094e-07 -1.5038e-06 -0.490417 0.871488
1.89541 -1.39388 0.0634977 1.04537e-06 -1.65149e-06 -0.489794 0.871838
1.91813 -1.43117 0.0634979 1.11206e-06 -9.10643e-07 -0.489811 0.871828
1.93916 -1.46569 0.0634982 3.86019e-07 -4.76675e-07 -0.489808 0.87183
1.95857 -1.49754 0.0634982 2.95643e-07 -6.2427e-07 -0.489843 0.871811
1.97761 -1.52876 0.0634979 1.41154e-06 -4.32681e-07 -0.489504 0.872001
1.99756 -1.56113 0.063498 1.32875e-06 -8.07684e-07 -0.488819 0.872385
2.01793 -1.59434 0.0634985 2.50868e-07 4.72115e-07 -0.487931 0.872882
2.03831 -1.62862 0.0634984 1.09738e-07 4.03635e-08 -0.48183 0.876265
2.06019 -1.66598 0.0634986 -5.06048e-07 2.47096e-07 -0.471536 0.881847
2.08627 -1.70537 0.0634994 -2.86281e-06 2.58422e-07 -0.469726 0.882812
2.11312 -1.74522 0.0634992 -2.57653e-06 4.71185e-07 -0.469709 0.882821
2.13995 -1.78508 0.0634987 -1.14304e-06 -1.14379e-06 -0.469625 0.882866
2.16527 -1.82426 0.0634997 -3.07342e-06 1.5825e-06 -0.466127 0.884718
2.18463 -1.8585 0.0634979 1.40044e-06 1.50101e-06 -0.451868 0.892085
2.19866 -1.8885 0.0634977 3.45109e-06 2.61643e-06 -0.426902 0.904298
2.20964 -1.91312 0.0634982 1.58208e-06 2.52975e-06 -0.399294 0.916823
2.21965 -1.93501 0.0634983 -6.24651e-07 1.93132e-06 -0.370068 0.929005
2.22741 -1.95307 0.0634992 -3.525e-06 -6.36098e-07 -0.340351 0.940298
2.23124 -1.96751 0.063499 -6.43383e-06 -1.68872e-07 -0.307665 0.951495
2.23444 -1.9791 0.0634989 -6.21935e-06 -1.07107e-06 -0.279207 0.960231
2.23712 -1.98725 0.0634989 -4.94044e-06 1.52612e-06 -0.258671 0.965965
2.23915 -1.99271 0.0635008 -1.0587e-05 -1.53815e-06 -0.244706 0.969597
2.24033 -1.99546 0.0634992 -5.36751e-06 2.50139e-06 -0.237689 0.971341
2.24255 -1.99673 0.0634963 -1.08861e-07 -6.81646e-06 -0.237403 0.971411
2.2461 -1.99857 0.063496 5.31872e-07 -6.6573e-06 -0.237401 0.971412
2.25165 -2.00147 0.063497 2.22551e-06 3.42363e-06 -0.237265 0.971445
2.2581 -2.00612 0.0634977 8.78272e-07 -6.50303e-07 -0.231254 0.972894
2.26491 -2.01254 0.0634967 2.33719e-06 2.25516e-06 -0.220803 0.975318
2.27048 -2.01757 0.0634985 -4.21122e-07 3.71998e-07 -0.212549 0.97715
2.27343 -2.01921 0.0634983 -7.95945e-07 9.10129e-07 -0.211402 0.977399
2.27629 -2.02093 0.0634983 -4.93927e-07 3.15489e-07 -0.209925 0.977717
2.28449 -2.0252 0.0634972 -2.42883e-06 2.89099e-06 -0.205899 0.978573
2.29961 -2.03251 0.0634976 -9.99993e-07 1.78082e-06 -0.194669 0.980869
2.31941 -2.04244 0.0634981 1.52383e-07 3.38346e-07 -0.18159 0.983374
2.34492 -2.05384 0.063499 -3.18934e-06 -3.44793e-06 -0.174223 0.984706
2.37537 -2.06483 0.0634991 -1.83436e-06 1.08292e-07 -0.17292 0.984936
2.40905 -2.07681 0.0634983 4.90854e-07 7.28077e-08 -0.172205 0.985061
2.44516 -2.08957 0.0634981 1.00394e-06 1.16976e-07 -0.170784 0.985309
2.48041 -2.10254 0.0634984 6.31475e-07 1.58386e-07 -0.167417 0.985886
2.51446 -2.11595 0.0634981 9.00925e-07 1.07057e-07 -0.157332 0.987546
2.55129 -2.13025 0.0634988 -9.20491e-07 1.61684e-07 -0.145809 0.989313
2.59437 -2.14372 0.0634991 -2.6926e-06 -2.62385e-06 -0.140989 0.990011
2.6405 -2.15713 0.0634993 -2.64313e-06 -7.78482e-07 -0.140963 0.990015
2.68433 -2.16993 0.0634975 1.8026e-06 -9.42441e-07 -0.140644 0.99006
2.72693 -2.18385 0.0634988 -1.88971e-06 -3.1163e-06 -0.132333 0.991205
2.76239 -2.19791 0.0634984 -5.47924e-07 1.09556e-06 -0.112807 0.993617
2.79147 -2.21309 0.0634988 -8.09344e-07 -1.16443e-06 -0.0758409 0.99712
2.81794 -2.2287 0.0634989 -6.38769e-07 -1.33984e-06 -0.0271534 0.999631
2.84409 -2.24268 0.0634986 3.95093e-07 -6.65711e-07 0.0260402 0.999661
2.86974 -2.25563 0.0634983 2.46803e-07 2.72357e-06 0.0857262 0.996319
2.89351 -2.268 0.063498 -1.90491e-06 6.75952e-07 0.152575 0.988292
2.91741 -2.27704 0.0634981 -1.61426e-06 6.52533e-07 0.21671 0.976236
2.93833 -2.28168 0.0634983 -1.36627e-06 -1.16743e-07 0.268508 0.963278
2.96086 -2.2825 0.0634986 -9.18432e-08 -1.89341e-06 0.317238 0.948346
2.98454 -2.2794 0.0634989 -1.27123e-06 -1.86326e-07 0.363242 0.931695
3.00596 -2.27201 0.0634988 -2.6334e-06 -1.31033e-06 0.398214 0.917292
3.02572 -2.26156 0.063499 -1.10184e-06 -6.99042e-06 0.425936 0.904753
3.04326 -2.24909 0.0634981 -2.48213e-06 -3.06943e-06 0.446831 0.894619
3.05842 -2.23523 0.0634974 -1.52116e-06 -2.9746e-06 0.460899 0.887453
3.07176 -2.21954 0.063497 -9.31044e-07 3.5908e-06 0.467964 0.883748
3.08322 -2.20272 0.0634971 2.21128e-06 -7.75117e-07 0.46764 0.883919
3.09591 -2.18403 0.0634971 2.49649e-06 8.3011e-07 0.467039 0.884237
3.10684 -2.16564 0.0634967 -5.61984e-06 -1.38924e-06 0.45795 0.888978
3.11341 -2.15109 0.0634975 2.63936e-06 1.05561e-06 0.445899 0.895083
3.11844 -2.13871 0.0634981 1.02425e-06 1.06433e-06 0.43336 0.901221
3.12281 -2.125 0.063498 1.30827e-06 8.03043e-07 0.413942 0.910303
3.12788 -2.10788 0.0634981 1.84396e-07 -7.42874e-07 0.382057 0.924139
3.13578 -2.08657 0.0634997 3.0381e-06 -2.1996e-06 0.342954 0.939352
3.14646 -2.06577 0.0634999 5.69858e-06 -6.20787e-06 0.30735 0.951597
3.15896 -2.04704 0.0634985 -1.61884e-06 -1.8705e-06 0.275978 0.961164
3.17154 -2.02885 0.0634988 -1.84713e-07 -1.00712e-06 0.24047 0.970657
3.18389 -2.011 0.0634993 4.35519e-06 -5.13464e-08 0.200399 0.979714
3.19544 -1.99709 0.0634981 1.30909e-06 9.95293e-07 0.167287 0.985908
3.20859 -1.98552 0.0634989 2.25434e-07 -2.93616e-07 0.14058 0.990069
3.22493 -1.97372 0.0634993 -7.71121e-07 -3.07037e-06 0.112523 0.993649
3.24285 -1.96108 0.0634989 -1.24092e-06 -2.53706e-06 0.0777459 0.996973
3.26159 -1.94812 0.0634992 -7.44435e-07 -4.41339e-06 0.0362438 0.999343
3.28137 -1.93675 0.0634985 -6.20485e-07 -2.33029e-06 -0.00504904 0.999987
3.30192 -1.92856 0.0634977 -2.66323e-06 1.10962e-06 -0.0398643 0.999205
3.32246 -1.9235 0.0634991 8.44739e-07 -6.21978e-07 -0.067524 0.997718
3.34191 -1.92159 0.0634979 2.22098e-07 1.3994e-06 -0.0861325 0.996284
3.35698 -1.92355 0.0634988 -5.83958e-07 2.14889e-06 -0.0889381 0.996037
3.37532 -1.92685 0.0634977 -6.58574e-07 1.8292e-07 -0.0888179 0.996048
3.395 -1.93039 0.0634978 -3.74654e-07 3.68447e-07 -0.088819 0.996048
3.41448 -1.93389 0.0634978 -1.67519e-07 5.95296e-07 -0.0888197 0.996048
3.43437 -1.93746 0.0634978 1.95288e-08 8.35533e-07 -0.0888203 0.996048
3.45387 -1.94097 0.0634977 2.29107e-07 1.05066e-06 -0.0888207 0.996048
3.47357 -1.94451 0.0634976 5.18537e-07 1.19013e-06 -0.0888213 0.996048
3.49327 -1.94805 0.0634974 9.08961e-07 1.15607e-06 -0.0888234 0.996047
3.51317 -1.95163 0.0634972 1.44023e-06 9.1126e-07 -0.0888269 0.996047
3.53288 -1.95517 0.0634973 9.13406e-07 9.59754e-07 -0.0888271 0.996047
3.55256 -1.95871 0.0634976 2.98526e-07 7.17841e-07 -0.0888384 0.996046
3.57205 -1.96222 0.0634977 -1.3193e-07 8.34888e-07 -0.0888413 0.996046
3.59194 -1.96579 0.0634976 -5.96622e-07 9.96936e-07 -0.0888409 0.996046
3.61162 -1.96933 0.0634975 -9.11028e-07 9.17689e-07 -0.0888357 0.996046
3.63224 -1.97303 0.0634964 -2.74332e-06 1.26777e-06 -0.0886377 0.996064
3.65525 -1.97724 0.0634977 -6.18318e-06 -3.75948e-06 -0.0876344 0.996153
3.6799 -1.98215 0.0634981 -7.9724e-06 -6.16576e-06 -0.0846279 0.996413
3.70457 -1.98905 0.0634986 -9.01178e-06 -7.66187e-06 -0.0732103 0.997317
3.72702 -1.99951 0.0634998 -3.5812e-06 -7.18941e-06 -0.0438212 0.999039
3.74662 -2.01101 0.0634977 -8.72764e-08 4.70169e-06 -0.00345683 0.999994
3.76717 -2.02245 0.0634974 -2.27244e-06 -2.73032e-08 0.0437 0.999045
3.78521 -2.03215 0.0634978 -2.40692e-06 7.5046e-07 0.0894669 0.99599
3.80192 -2.04164 0.0634983 -1.5565e-06 1.22745e-06 0.139284 0.990252
3.82373 -2.05015 0.0634981 1.30952e-06 1.53105e-06 0.200586 0.979676
3.84897 -2.05544 0.0634994 -1.04442e-06 1.99765e-06 0.260473 0.965481
3.87415 -2.05623 0.0634991 3.5315e-07 2.43674e-06 0.313566 0.949566
3.89792 -2.0532 0.0634976 -6.98462e-07 4.32821e-06 0.359307 0.93322
3.91984 -2.047 0.063497 -3.56532e-06 -6.33689e-07 0.398038 0.917369
3.93991 -2.03826 0.0634974 -3.10234e-06 -9.35814e-07 0.430825 0.902436
3.95624 -2.0259 0.0634981 -1.16388e-06 2.35987e-07 0.449403 0.893329
3.96838 -2.01009 0.0634975 -1.14798e-07 -4.33252e-07 0.450822 0.892614
3.98024 -1.99401 0.0634977 -1.57799e-07 -1.90167e-07 0.450823 0.892614
3.9921 -1.97792 0.0634978 -2.44936e-07 5.22411e-08 0.450823 0.892614
4.00385 -1.96199 0.0634978 -3.41341e-07 2.82808e-07 0.450823 0.892614
4.01656 -1.94612 0.0634996 3.52604e-06 -5.18185e-06 0.454827 0.89058
4.03046 -1.93126 0.0634997 -1.0479e-06 -8.05595e-06 0.464867 0.885381
4.04501 -1.91637 0.0634995 -1.60588e-06 -7.7018e-06 0.47823 0.878235
4.05819 -1.90062 0.0634993 -3.855e-06 -5.4219e-06 0.487528 0.873107
4.06961 -1.88371 0.0634973 -7.09506e-08 2.29765e-06 0.490643 0.871361
4.0799 -1.86676 0.0634973 -2.89249e-07 1.82247e-06 0.490644 0.87136
4.09028 -1.84963 0.0634969 1.53528e-07 1.89969e-06 0.490642 0.871361
4.10068 -1.83249 0.0634963 5.42834e-08 1.92559e-06 0.490664 0.871349
4.11116 -1.8152 0.0634972 -9.553e-07 7.51187e-07 0.49065 0.871357
4.12151 -1.79812 0.0634975 2.86195e-07 4.63896e-07 0.490663 0.871349
4.13176 -1.78122 0.0634971 -1.0101e-06 -7.59289e-07 0.490663 0.871349
4.14212 -1.76414 0.0634974 -6.14213e-07 -7.54595e-07 0.490664 0.871349
4.15258 -1.74689 0.0634976 -3.86337e-07 -4.45327e-07 0.490665 0.871348
4.16284 -1.72997 0.0634977 -3.51736e-07 -1.45566e-07 0.490665 0.871348
4.17331 -1.71271 0.0634978 -3.94353e-07 1.32842e-07 0.490665 0.871349
4.18357 -1.69578 0.0634978 -4.63995e-07 3.85505e-07 0.490664 0.871349
4.19395 -1.67867 0.0634978 -5.43367e-07 6.32554e-07 0.490664 0.871349
4.20442 -1.66139 0.0634978 -6.21096e-07 8.86205e-07 0.490664 0.871349
4.2147 -1.64445 0.0634977 -6.78535e-07 1.14712e-06 0.490664 0.871349
4.22539 -1.62681 0.0634976 -6.83936e-07 1.4346e-06 0.490663 0.871349
4.23578 -1.60968 0.0634974 -5.64355e-07 1.70519e-06 0.490663 0.87135
4.24627 -1.59238 0.063497 -2.0903e-07 1.88999e-06 0.49066 0.871351
4.25645 -1.5756 0.0634965 4.20025e-07 1.95473e-06 0.490659 0.871352
4.26673 -1.55864 0.0634969 -1.21041e-06 1.32168e-06 0.490657 0.871353
4.2771 -1.54154 0.0634974 -2.01736e-07 4.66593e-07 0.490654 0.871354
4.28745 -1.52448 0.0634971 -7.50049e-07 -3.26929e-07 0.490669 0.871346
4.29791 -1.50723 0.0634973 -7.3585e-07 -8.11462e-07 0.490665 0.871348
4.30837 -1.48997 0.0634976 -4.02784e-07 -5.21286e-07 0.490667 0.871347
4.31863 -1.47306 0.0634977 -3.142e-07 -2.15086e-07 0.490667 0.871347
4.32899 -1.45597 0.0634978 -3.31848e-07 6.5788e-08 0.490667 0.871347
4.33936 -1.43887 0.0634978 -3.92097e-07 3.20984e-07 0.490666 0.871348
4.34973 -1.42177 0.0634978 -4.6785e-07 5.63053e-07 0.490666 0.871348
4.3601 -1.40466 0.0634978 -5.46433e-07 8.04209e-07 0.490666 0.871348
4.37048 -1.38754 0.0634978 -6.15893e-07 1.05636e-06 0.490666 0.871348
4.38076 -1.37059 0.0634977 -6.52228e-07 1.32279e-06 0.490666 0.871348
4.39124 -1.3533 0.0634975 -6.00521e-07 1.60268e-06 0.490665 0.871348
4.40163 -1.33617 0.0634972 -3.66136e-07 1.83213e-06 0.490664 0.871349
4.41202 -1.31904 0.0634968 1.78916e-07 1.93557e-06 0.49066 0.871351
4.42241 -1.30191 0.0634965 -7.09872e-07 1.84162e-06 0.490666 0.871348
4.43268 -1.28497 0.0634972 -7.2916e-07 5.93375e-07 0.490654 0.871355
4.44303 -1.2679 0.0634974 1.10988e-07 2.87403e-07 0.490673 0.871344
4.45349 -1.25065 0.0634972 -9.39814e-07 -8.57172e-07 0.490667 0.871347
4.46384 -1.23357 0.0634975 -5.31345e-07 -6.84821e-07 0.490669 0.871346
4.47431 -1.21632 0.0634977 -3.65507e-07 -3.71016e-07 0.49067 0.871346
4.48467 -1.19923 0.0634978 -3.57241e-07 -7.46365e-08 0.490669 0.871346
4.49503 -1.18213 0.0634978 -4.0955e-07 1.94982e-07 0.490669 0.871346
4.5054 -1.16503 0.0634978 -4.83669e-07 4.47102e-07 0.490669 0.871346
4.51567 -1.1481 0.0634978 -5.63e-07 6.91516e-07 0.490668 0.871346
4.52615 -1.13081 0.0634978 -6.38551e-07 9.47785e-07 0.490668 0.871347
4.53653 -1.1137 0.0634977 -6.88488e-07 1.2154e-06 0.490668 0.871347
4.54692 -1.09657 0.0634976 -6.74087e-07 1.49656e-06 0.490668 0.871347
4.5573 -1.07944 0.0634973 -5.1583e-07 1.75691e-06 0.490667 0.871347
4.5681 -1.06163 0.0634969 -7.47581e-08 1.91358e-06 0.490664 0.871349
4.57797 -1.04535 0.0634963 2.97254e-07 2.09934e-06 0.490668 0.871347
4.58846 -1.02806 0.0634971 -1.1057e-06 9.68634e-07 0.490658 0.871352
4.59903 -1.01063 0.0634975 2.18839e-07 5.13356e-07 0.490665 0.871349
4.60938 -0.993565 0.0634971 -9.65087e-07 -6.46005e-07 0.49067 0.871345
4.61963 -0.976655 0.0634974 -6.27484e-07 -7.5506e-07 0.49067 0.871345
4.62988 -0.959744 0.0634976 -3.66123e-07 -4.52018e-07 0.490672 0.871345
4.64035 -0.942486 0.0634977 -3.1135e-07 -1.45434e-07 0.490672 0.871345
4.65061 -0.925563 0.0634978 -3.42855e-07 1.25802e-07 0.490671 0.871345
4.66087 -0.908635 0.0634978 -4.07872e-07 3.74578e-07 0.490671 0.871345
4.67135 -0.89136 0.0634978 -4.86213e-07 6.17738e-07 0.490671 0.871345
4.68162 -0.874421 0.0634978 -5.63554e-07 8.5833e-07 0.49067 0.871345
4.692 -0.857305 0.0634977 -6.28932e-07 1.11399e-06 0.49067 0.871345
4.70248 -0.840013 0.0634976 -6.52902e-07 1.38943e-06 0.49067 0.871345
4.71287 -0.822886 0.0634974 -5.70679e-07 1.66292e-06 0.49067 0.871346
4.72325 -0.805757 0.0634971 -2.80241e-07 1.86823e-06 0.490668 0.871347
4.73364 -0.788629 0.0634966 3.13269e-07 1.94288e-06 0.490665 0.871348
4.74413 -0.771325 0.0634968 -1.12628e-06 1.53433e-06 0.490666 0.871347
4.7544 -0.754398 0.0634973 -4.27974e-07 5.00926e-07 0.49066 0.871351
4.76464 -0.737501 0.0634972 -4.40968e-07 -9.13862e-08 0.490677 0.871342
4.7751 -0.720251 0.0634972 -8.3498e-07 -8.66096e-07 0.490671 0.871345
4.78546 -0.703171 0.0634975 -4.68694e-07 -6.14721e-07 0.490673 0.871344
4.79582 -0.686086 0.0634977 -3.536e-07 -3.04148e-07 0.490674 0.871343
4.80608 -0.669166 0.0634978 -3.64225e-07 -1.64535e-08 0.490674 0.871343
4.81655 -0.651898 0.0634978 -4.24177e-07 2.51057e-07 0.490673 0.871344
4.82681 -0.634967 0.0634978 -5.0017e-07 4.98603e-07 0.490673 0.871344
4.83739 -0.617517 0.0634978 -5.82064e-07 7.50953e-07 0.490673 0.871344
4.84756 -0.600745 0.0634978 -6.52595e-07 1.0024e-06 0.490673 0.871344
4.85794 -0.583626 0.0634977 -6.94118e-07 1.27348e-06 0.490672 0.871344
4.86843 -0.56633 0.0634975 -6.5807e-07 1.55775e-06 0.490672 0.871344
4.87892 -0.54903 0.0634973 -4.52854e-07 1.80552e-06 0.490671 0.871345
4.8892 -0.532072 0.0634968 3.43992e-08 1.92661e-06 0.490667 0.871347
4.8997 -0.514765 0.0634964 -2.71172e-07 2.01722e-06 0.490675 0.871343
4.90997 -0.497826 0.0634972 -9.07775e-07 7.12793e-07 0.490661 0.871351
4.92033 -0.480748 0.0634975 3.28225e-07 3.95889e-07 0.490677 0.871341
4.93068 -0.463674 0.0634971 -9.58864e-07 -7.82103e-07 0.490674 0.871343
4.94114 -0.446423 0.0634974 -5.42117e-07 -6.92295e-07 0.490675 0.871343
4.95139 -0.42951 0.0634976 -3.40173e-07 -3.83126e-07 0.490676 0.871342
4.96165 -0.412593 0.0634977 -3.12554e-07 -8.88455e-08 0.490676 0.871342
4.97212 -0.395327 0.0634978 -3.55082e-07 1.82027e-07 0.490675 0.871342
4.98249 -0.378227 0.0634978 -4.24917e-07 4.29968e-07 0.490675 0.871343
4.99276 -0.361292 0.0634978 -5.02946e-07 6.67714e-07 0.490675 0.871343
5.00324 -0.344009 0.0634978 -5.80747e-07 9.15115e-07 0.490675 0.871343
5.01361 -0.326893 0.0634977 -6.40578e-07 1.17462e-06 0.490674 0.871343
5.0241 -0.309599 0.0634976 -6.48493e-07 1.45291e-06 0.490674 0.871343
5.03438 -0.292643 0.0634974 -5.32821e-07 1.71677e-06 0.490674 0.871343
5.04477 -0.275513 0.063497 -1.82913e-07 1.89421e-06 0.490671 0.871345
5.05515 -0.258384 0.0634965 4.40209e-07 1.9508e-06 0.490671 0.871345
5.06649 -0.240182 0.0634968 1.04268e-06 2.14968e-06 0.489456 0.872028
5.07651 -0.22335 0.0634991 -1.533e-06 2.25407e-06 0.482949 0.875648
5.08388 -0.210351 0.0634984 -7.89499e-07 2.31649e-06 0.477207 0.878791
5.08921 -0.199662 0.0634983 1.49566e-06 1.16266e-06 0.472223 0.881479
5.09347 -0.18775 0.0634979 1.13908e-06 9.92841e-07 0.460554 0.887632
5.0988 -0.17172 0.0634981 2.77306e-07 -9.81034e-07 0.439061 0.898457
5.10525 -0.151178 0.063499 3.45501e-06 6.8965e-07 0.405299 0.914184
5.1113 -0.128661 0.0634991 -9.04695e-07 -3.18122e-06 0.364221 0.931313
5.11807 -0.105378 0.0634983 5.90293e-07 1.53554e-06 0.314003 0.949422
5.12569 -0.0808762 0.063496 -3.94446e-06 -2.64906e-06 0.253805 0.967256
5.13441 -0.0585342 0.0634976 2.36879e-06 8.83397e-07 0.193237 0.981152
5.14473 -0.0388409 0.0634982 1.83301e-06 1.32387e-06 0.135513 0.990776
5.16065 -0.0193064 0.0634995 7.69299e-07 -5.52239e-07 0.0753704 0.997156
5.18009 -0.00262046 0.0634998 -1.44802e-06 -2.32044e-06 0.0189396 0.999821
5.20063 0.00982258 0.0634986 -2.08756e-07 1.01985e-06 -0.0294222 0.999567
5.22229 0.0187641 0.0634969 -4.83824e-07 -9.49087e-07 -0.0717567 0.997422
5.2443 0.0269379 0.0634965 1.31839e-06 1.74818e-06 -0.118752 0.992924
5.26568 0.0343606 0.0634971 4.52298e-06 8.82561e-07 -0.168791 0.985652
5.28524 0.0406224 0.0634975 3.64147e-06 3.42407e-07 -0.218493 0.975839
5.30857 0.0457857 0.0634981 -1.20253e-06 2.18065e-07 -0.279497 0.960147
5.33567 0.0464899 0.0634974 2.93751e-06 -5.60882e-06 -0.340062 0.940403
5.36352 0.0418016 0.0634976 2.51958e-06 -6.57017e-06 -0.395724 0.918369
5.38759 0.0337774 0.0634964 3.66126e-06 5.44562e-07 -0.441093 0.897461
5.40847 0.0235603 0.0634968 -3.33763e-07 1.38818e-06 -0.479 0.877815
5.42697 0.0115489 0.0634967 1.9175e-07 -1.8683e-07 -0.511578 0.859237
5.44167 -0.00268382 0.0634969 1.50473e-06 -1.59842e-06 -0.533395 0.845866
5.45096 -0.0202018 0.0634973 -4.03828e-07 -2.51205e-07 -0.536526 0.843884
5.45928 -0.0381794 0.0634989 -1.46768e-07 1.89509e-07 -0.535945 0.844253
5.46614 -0.0565268 0.0634998 -4.77802e-07 -3.76344e-06 -0.530214 0.847864
5.47195 -0.0761638 0.0634988 -5.00801e-07 -2.24785e-06 -0.518054 0.855348
5.47694 -0.0963852 0.0634989 5.55161e-08 -1.55965e-06 -0.49996 0.866048
5.48142 -0.117116 0.0634986 -7.84941e-07 -5.35078e-07 -0.476076 0.879404
5.48518 -0.139431 0.0634993 2.48146e-07 -2.71692e-06 -0.442247 0.896893
5.48922 -0.162247 0.0634994 -1.87397e-11 -1.48895e-06 -0.401766 0.915743
5.49435 -0.184853 0.0634978 1.1917e-06 5.14298e-07 -0.357744 0.93382
5.50143 -0.203683 0.0634985 -4.95929e-07 3.81433e-07 -0.321856 0.946789
5.50971 -0.217952 0.0634988 -2.95694e-07 -7.21501e-08 -0.297552 0.954706
5.52056 -0.232326 0.0634993 -8.91354e-07 -2.19199e-06 -0.27522 0.961381
5.53487 -0.247989 0.0634993 -9.22073e-07 -1.49432e-06 -0.252204 0.967674
5.55076 -0.261128 0.0634988 -2.19257e-06 -2.97824e-06 -0.237042 0.971499
5.56845 -0.270532 0.0634978 -1.51824e-08 1.05986e-06 -0.23631 0.971678
5.58623 -0.279724 0.0634978 3.92986e-08 1.31335e-06 -0.236312 0.971677
5.60384 -0.288827 0.0634977 5.10788e-08 1.60732e-06 -0.236312 0.971677
5.62181 -0.298118 0.0634975 1.07879e-08 1.89798e-06 -0.236312 0.971677
5.63961 -0.307318 0.0634972 -1.23069e-07 2.08369e-06 -0.236311 0.971677
5.65741 -0.316518 0.0634967 -3.92276e-07 1.95288e-06 -0.236309 0.971678
5.6752 -0.325714 0.0634962 -8.51895e-07 1.63863e-06 -0.236322 0.971675
5.69297 -0.334899 0.0634964 6.71088e-08 -1.12311e-07 -0.23632 0.971675
5.71107 -0.344257 0.0634969 2.01102e-07 -3.53933e-07 -0.236319 0.971676
5.72845 -0.353245 0.0634973 -8.78913e-08 -4.49765e-07 -0.236321 0.971675
5.74619 -0.362418 0.0634976 -1.69149e-07 -2.93781e-07 -0.236322 0.971675
5.76394 -0.371594 0.0634977 -1.60802e-07 -5.23439e-08 -0.236322 0.971675
5.78187 -0.380865 0.0634978 -1.21632e-07 2.05824e-07 -0.236323 0.971675
5.79946 -0.389956 0.0634978 -7.60578e-08 4.55086e-07 -0.236323 0.971675
5.81722 -0.399141 0.0634978 -3.03353e-08 7.04246e-07 -0.236323 0.971675
5.835 -0.40833 0.0634978 1.17276e-08 9.58056e-07 -0.236323 0.971674
5.8526 -0.417429 0.0634978 4.60718e-08 1.22246e-06 -0.236324 0.971674
5.87056 -0.426715 0.0634977 6.52358e-08 1.51193e-06 -0.236324 0.971674
5.88835 -0.435913 0.0634975 4.70914e-08 1.80868e-06 -0.236324 0.971674
5.90614 -0.445113 0.0634973 -5.10055e-08 2.05885e-06 -0.236324 0.971674
5.92376 -0.454222 0.0634969 -2.88407e-07 2.09068e-06 -0.236323 0.971675
5.94191 -0.463604 0.0634964 -7.59968e-07 1.69674e-06 -0.23632 0.971675
5.95951 -0.472704 0.0634964 -9.1506e-08 2.32726e-07 -0.236322 0.971675
5.97726 -0.48188 0.0634967 2.99269e-07 -3.12612e-07 -0.236318 0.971676
5.99482 -0.490961 0.0634972 2.5218e-08 -4.40334e-07 -0.23632 0.971675
6.01256 -0.500133 0.0634975 -1.1594e-07 -3.62562e-07 -0.236322 0.971675
6.03031 -0.509308 0.0634977 -1.2348e-07 -1.48949e-07 -0.236322 0.971675
6.04824 -0.518578 0.0634978 -8.88314e-08 1.02847e-07 -0.236323 0.971675
6.066 -0.527759 0.0634978 -4.2506e-08 3.51711e-07 -0.236323 0.971675
6.08376 -0.536943 0.0634978 4.14057e-09 5.96144e-07 -0.236323 0.971675
6.10136 -0.546039 0.0634978 4.66083e-08 8.39693e-07 -0.236323 0.971675
6.11931 -0.555321 0.0634978 8.25712e-08 1.09707e-06 -0.236323 0.971674
6.13691 -0.564422 0.0634977 1.04654e-07 1.36696e-06 -0.236324 0.971674
6.15488 -0.57371 0.0634976 9.9931e-08 1.66183e-06 -0.236324 0.971674
6.17246 -0.582801 0.0634973 1.20403e-07 2.15237e-06 -0.236327 0.971674
6.18847 -0.591075 0.0634969 4.93708e-07 3.86508e-06 -0.236326 0.971674
6.20233 -0.598242 0.0634982 -4.49268e-07 6.7814e-07 -0.236328 0.971673
6.21487 -0.604725 0.0634975 -1.83197e-06 1.19752e-06 -0.236337 0.971671
6.22569 -0.610307 0.0634983 1.20571e-06 4.07851e-08 -0.236371 0.971663
6.2347 -0.614999 0.0634973 -1.93378e-08 6.91041e-07 -0.236219 0.9717
6.24171 -0.618749 0.0634993 -1.32016e-06 -6.72859e-07 -0.235778 0.971807
6.24677 -0.621364 0.0635 -1.31224e-06 -1.03641e-06 -0.235794 0.971803
6.25004 -0.623052 0.0634996 -2.96901e-07 -3.98463e-08 -0.235806 0.9718
6.25158 -0.623846 0.0634988 -4.56176e-07 -3.68737e-06 -0.235815 0.971798
